00000000000000000000000000110000 
00000000000000000000000000110001 
00000000000000000000000000110010 
00000000000000000000000000110011 
00000000000000000000000000110100 
00000000000000000000000000110101 
00000000000000000000000000110110 
00000000000000000000000000110111 
00000000000000000000000000111000 
00000000000000000000000000111001 
00000000000000000000000000111010 
00000000000000000000000000111011 
00000000000000000000000000111100 
00000000000000000000000000111101 
00000000000000000000000000111110 
00000000000000000000000000111111 
